[gd_scene load_steps=10 format=3 uid="uid://dlvt8hte7hdli"]

[ext_resource type="MeshLibrary" uid="uid://1fx2bgbei3l1" path="res://Scenes/Mesh Libraries/space_library.tres" id="1_jfdgh"]
[ext_resource type="PackedScene" uid="uid://ci6uyqo5067op" path="res://Scenes/Camera/camera_3d.tscn" id="1_vhbfj"]
[ext_resource type="PackedScene" uid="uid://bilipkjvk540b" path="res://Scenes/Characters/Enemy/enemy.tscn" id="2_ap85k"]
[ext_resource type="PackedScene" uid="uid://bso2v407ugshm" path="res://Scenes/Characters/Buildings/base.tscn" id="3_6j02l"]

[sub_resource type="ProceduralSkyMaterial" id="ProceduralSkyMaterial_u24iq"]
sky_horizon_color = Color(0.64625, 0.65575, 0.67075, 1)
ground_horizon_color = Color(0.64625, 0.65575, 0.67075, 1)

[sub_resource type="Sky" id="Sky_3b502"]
sky_material = SubResource("ProceduralSkyMaterial_u24iq")

[sub_resource type="Environment" id="Environment_e150x"]
background_mode = 2
sky = SubResource("Sky_3b502")
tonemap_mode = 2
glow_enabled = true

[sub_resource type="StandardMaterial3D" id="StandardMaterial3D_ijopp"]
albedo_color = Color(0.266667, 0.266667, 0.266667, 1)

[sub_resource type="Curve3D" id="Curve3D_4y6xu"]
_data = {
"points": PackedVector3Array(0, 0, 0, 0, 0, 0, -14.2024, -0.0692338, 22.1279, -2, 0, 1, 2, 0, -1, -12.8474, 0, 9.91447, -1, 0, 1, 1, 0, -1, -6, 0, 10, -1, 0, 1, 1, 0, -1, -6, 0, 2, -1, 0, -1, 1, 0, 1, 2, 0, 2, -1, 0, -1, 1, 0, 1, 2, 0, 6, -1, 0, 1, 1, 0, -1, 10, 0, 6, 0, 0, 0, 0, 0, 0, 10.1643, 0.041748, -14.0297),
"tilts": PackedFloat32Array(0, 0, 0, 0, 0, 0, 0, 0)
}
point_count = 8

[node name="BaseLevel" type="Node3D"]

[node name="WorldEnvironment" type="WorldEnvironment" parent="."]
environment = SubResource("Environment_e150x")

[node name="DirectionalLight3D" type="DirectionalLight3D" parent="."]
transform = Transform3D(-0.866025, -0.433013, 0.25, 0, 0.5, 0.866025, -0.5, 0.75, -0.433013, 0, 0, 0)
shadow_enabled = true

[node name="CSGBox3D" type="CSGBox3D" parent="."]
transform = Transform3D(1, 0, 0, 0, 1, 0, 0, 0, 1, 0, -1, 0)
size = Vector3(100, 2, 100)
material = SubResource("StandardMaterial3D_ijopp")

[node name="Camera3D" parent="." instance=ExtResource("1_vhbfj")]

[node name="GridMap" type="GridMap" parent="."]
mesh_library = ExtResource("1_jfdgh")
cell_size = Vector3(4, 4, 4)
cell_center_y = false
data = {
"cells": PackedInt32Array(0, 65535, 0, 0, 65534, 0, 65535, 1, 0, 65535, 2, 0, 65535, 65535, 0, 65534, 65535, 0, 65533, 65535, 0, 65532, 65535, 0, 65531, 65535, 0, 1, 65535, 0, 3, 65535, 0, 4, 65535, 0, 65531, 65532, 0, 65531, 65533, 0, 65531, 65534, 0, 65531, 0, 0, 65531, 1, 0, 65531, 2, 0, 65531, 3, 0, 65531, 4, 0, 65532, 65532, 0, 65532, 65533, 0, 65532, 65534, 0, 65532, 0, 0, 65532, 1, 0, 65533, 65532, 0, 65533, 65533, 0, 65533, 65534, 0, 65533, 0, 0, 65533, 1, 0, 65533, 3, 0, 65533, 4, 0, 65534, 65532, 0, 65534, 65533, 0, 65534, 65534, 0, 65534, 3, 0, 65534, 4, 0, 65535, 65532, 0, 65535, 65533, 0, 65535, 65534, 0, 65535, 3, 0, 65535, 4, 0, 0, 65532, 0, 0, 65533, 0, 0, 2, 0, 0, 3, 0, 0, 4, 0, 1, 65532, 0, 1, 65533, 0, 1, 65534, 0, 1, 0, 0, 1, 2, 0, 1, 3, 0, 1, 4, 0, 2, 2, 0, 2, 3, 0, 2, 4, 0, 3, 65532, 0, 3, 65533, 0, 3, 65534, 0, 3, 0, 0, 3, 1, 0, 3, 2, 0, 3, 3, 0, 3, 4, 0, 4, 65532, 0, 4, 65533, 0, 4, 65534, 0, 4, 0, 0, 4, 1, 0, 4, 2, 0, 4, 3, 0, 4, 4, 0)
}

[node name="Path3D" type="Path3D" parent="."]
curve = SubResource("Curve3D_4y6xu")

[node name="CSGPolygon3D" type="CSGPolygon3D" parent="Path3D"]
polygon = PackedVector2Array(-1, 0, -1, 0.2, -0.8, 0.2, -0.8, 0.1, 0.8, 0.1, 0.8, 0.1, 0.8, 0.2, 1, 0.2, 1, 0)
mode = 2
path_node = NodePath("..")
path_interval_type = 0
path_interval = 1.0
path_simplify_angle = 0.0
path_rotation = 2
path_local = false
path_continuous_u = true
path_u_distance = 1.0
path_joined = false

[node name="Enemy" parent="Path3D" instance=ExtResource("2_ap85k")]
transform = Transform3D(0.993902, -0.000621244, -0.110265, -5.82077e-11, 0.999984, -0.005634, 0.110267, 0.00559965, 0.993886, -14.2024, -0.0692338, 22.1279)
_speed = 3.0

[node name="Enemy2" parent="Path3D" instance=ExtResource("2_ap85k")]
transform = Transform3D(0.999852, -0.000642928, -0.0171956, 0.0005407, 0.999982, -0.00594898, 0.0171992, 0.00593881, 0.999834, -14.2922, -0.0389677, 17.1298)
progress = 5.0
_speed = 3.0

[node name="Enemy3" parent="Path3D" instance=ExtResource("2_ap85k")]
transform = Transform3D(0.9819, -0.000577508, -0.189399, -0.000438901, 0.999986, -0.00532452, 0.189399, 0.00531128, 0.981886, -13.8853, -0.0103137, 12.1519)
progress = 10.0
_speed = 3.0

[node name="Enemy4" parent="Path3D" instance=ExtResource("2_ap85k")]
transform = Transform3D(-0.133956, -0.000410665, -0.990987, -0.00306567, 0.999995, 4.28085e-10, 0.990983, 0.00303804, -0.133956, -10.4251, 0, 9.71175)
progress = 15.0
_speed = 3.0

[node name="Enemy5" parent="Path3D" instance=ExtResource("2_ap85k")]
transform = Transform3D(0.966682, 0.00296354, -0.255962, -0.00306567, 0.999995, -2.5051e-11, 0.255961, 0.000784696, 0.966687, -5.79279, 0, 9.59471)
progress = 20.0
_speed = 3.0

[node name="Base" parent="." instance=ExtResource("3_6j02l")]
transform = Transform3D(1, 0, 0, 0, 1, 0, 0, 0, 1, 9.1374, 0, -13.8651)
